image_width: 1440
image_height: 1080
camera_name: left
camera_matrix:
 rows: 3
 cols: 3
 data: [1061.90838,    0.     ,  778.19368,
            0.     , 1065.08245,  553.85699,
            0.     ,    0.     ,    1.     ]
distortion_model: plumb_bob
distortion_coefficients:
 rows: 1
 cols: 5
 data: [-0.259389, 0.203687, 0.000660, 0.003063, -0.084775]
rectification_matrix:
 rows: 3
 cols: 3
 data: [ 0.99842922, -0.01789005,  0.05309468,
          0.01695567,  0.99969426,  0.01799696,
         -0.05340042, -0.01706844,  0.9984273 ]
projection_matrix:
 rows: 3
 cols: 4
 data: [1176.51196,    0.     ,  742.88667,    0.     ,
            0.     , 1176.51196,  574.21365,    0.     ,
            0.     ,    0.     ,    1.     ,    0.     ]
